1 2 5 2 5 1
1 2 5 2 5 6
1 2 5 2 5 9
1 2 5 2 7 3
1 2 5 2 7 6
1 2 5 2 7 11
1 2 5 2 7 8
1 2 5 10 5 1
1 2 5 10 5 6
1 2 5 10 5 9
1 2 5 10 7 3
1 2 5 10 7 6
1 2 5 10 7 11
1 2 5 10 7 8
1 2 5 10 13 9
1 2 5 10 13 14
1 2 5 10 15 14
1 2 5 10 15 11
1 2 5 10 15 16
1 2 7 2 5 1
1 2 7 2 5 6
1 2 7 2 5 9
1 2 7 2 7 3
1 2 7 2 7 6
1 2 7 2 7 11
1 2 7 2 7 8
1 2 7 4 7 3
1 2 7 4 7 6
1 2 7 4 7 11
1 2 7 4 7 8
1 2 7 10 5 1
1 2 7 10 5 6
1 2 7 10 5 9
1 2 7 10 7 3
1 2 7 10 7 6
1 2 7 10 7 11
1 2 7 10 7 8
1 2 7 10 13 9
1 2 7 10 13 14
1 2 7 10 15 14
1 2 7 10 15 11
1 2 7 10 15 16
1 2 7 12 7 3
1 2 7 12 7 6
1 2 7 12 7 11
1 2 7 12 7 8
1 2 7 12 15 14
1 2 7 12 15 11
1 2 7 12 15 16
1 5 2 5 2 1
1 5 2 5 2 3
1 5 2 5 2 6
1 5 2 5 10 6
1 5 2 5 10 9
1 5 2 5 10 11
1 5 2 5 10 14
1 5 2 7 2 1
1 5 2 7 2 3
1 5 2 7 2 6
1 5 2 7 4 3
1 5 2 7 4 8
1 5 2 7 10 6
1 5 2 7 10 9
1 5 2 7 10 11
1 5 2 7 10 14
1 5 2 7 12 8
1 5 2 7 12 11
1 5 2 7 12 16
1 5 10 5 2 1
1 5 10 5 2 3
1 5 10 5 2 6
1 5 10 5 10 6
1 5 10 5 10 9
1 5 10 5 10 11
1 5 10 5 10 14
1 5 10 7 2 1
1 5 10 7 2 3
1 5 10 7 2 6
1 5 10 7 4 3
1 5 10 7 4 8
1 5 10 7 10 6
1 5 10 7 10 9
1 5 10 7 10 11
1 5 10 7 10 14
1 5 10 7 12 8
1 5 10 7 12 11
1 5 10 7 12 16
1 5 10 13 10 6
1 5 10 13 10 9
1 5 10 13 10 11
1 5 10 13 10 14
1 5 10 15 10 6
1 5 10 15 10 9
1 5 10 15 10 11
1 5 10 15 10 14
1 5 10 15 12 8
1 5 10 15 12 11
1 5 10 15 12 16
