4 3 2 5 2 5
4 3 2 5 2 7
4 3 2 5 10 5
4 3 2 5 10 7
4 3 2 5 10 13
4 3 2 5 10 15
4 3 2 7 2 5
4 3 2 7 2 7
4 3 2 7 4 7
4 3 2 7 10 5
4 3 2 7 10 7
4 3 2 7 10 13
4 3 2 7 10 15
4 3 2 7 12 7
4 3 2 7 12 15
4 3 4 7 2 5
4 3 4 7 2 7
4 3 4 7 4 7
4 3 4 7 10 5
4 3 4 7 10 7
4 3 4 7 10 13
4 3 4 7 10 15
4 3 4 7 12 7
4 3 4 7 12 15
4 3 7 2 5 2
4 3 7 2 5 10
4 3 7 2 7 2
4 3 7 2 7 4
4 3 7 2 7 10
4 3 7 2 7 12
4 3 7 4 7 2
4 3 7 4 7 4
4 3 7 4 7 10
4 3 7 4 7 12
4 3 7 10 5 2
4 3 7 10 5 10
4 3 7 10 7 2
4 3 7 10 7 4
4 3 7 10 7 10
4 3 7 10 7 12
4 3 7 10 13 10
4 3 7 10 15 10
4 3 7 10 15 12
4 3 7 12 7 2
4 3 7 12 7 4
4 3 7 12 7 10
4 3 7 12 7 12
4 3 7 12 15 10
4 3 7 12 15 12
4 8 4 7 2 5
4 8 4 7 2 7
4 8 4 7 4 7
4 8 4 7 10 5
4 8 4 7 10 7
4 8 4 7 10 13
4 8 4 7 10 15
4 8 4 7 12 7
4 8 4 7 12 15
4 8 7 2 5 2
4 8 7 2 5 10
4 8 7 2 7 2
4 8 7 2 7 4
4 8 7 2 7 10
4 8 7 2 7 12
4 8 7 4 7 2
4 8 7 4 7 4
4 8 7 4 7 10
4 8 7 4 7 12
4 8 7 10 5 2
4 8 7 10 5 10
4 8 7 10 7 2
4 8 7 10 7 4
4 8 7 10 7 10
4 8 7 10 7 12
4 8 7 10 13 10
4 8 7 10 15 10
4 8 7 10 15 12
4 8 7 12 7 2
4 8 7 12 7 4
4 8 7 12 7 10
4 8 7 12 7 12
4 8 7 12 15 10
4 8 7 12 15 12
4 8 12 7 2 5
4 8 12 7 2 7
4 8 12 7 4 7
4 8 12 7 10 5
4 8 12 7 10 7
4 8 12 7 10 13
4 8 12 7 10 15
4 8 12 7 12 7
4 8 12 7 12 15
4 8 12 15 10 5
4 8 12 15 10 7
4 8 12 15 10 13
4 8 12 15 10 15
4 8 12 15 12 7
4 8 12 15 12 15
